193877776
121550624
104060400
146410000
0
5764801
0
193877776
121550624
104060400
146410000
0
193877776
121550624
104060400
146410000
16777216
112550880
141158160
88529280
121550624
136048896
4477456
96059600
151807040
141158160
0
193877776
121550624
104060400
146410000
0
193877776
121550624
104060400
146410000
16777216
112550880
141158160
88529280
121550624
136048896
4477456
96059600
151807040
141158160
0
193877776
121550624
104060400
146410000
16777216
112550880
141158160
88529280
121550624
136048896
4477456
96059600
151807040
141158160
0
193877776
121550624
104060400
146410000
16777216
112550880
141158160
88529280
121550624
136048896
4477456
96059600
151807040
141158160
0
193877776
121550624
104060400
146410000
16777216
112550880
141158160
88529280
121550624
136048896
4477456
96059600
151807040
141158160
0
